{"accessors":[{"bufferView":0,"componentType":5125,"count":2472,"max":[861.0],"min":[0.0],"type":"SCALAR"},{"bufferView":1,"componentType":5126,"count":862,"max":[0.017400000244379045,0.08874999731779099,-2.220446049250313e-16],"min":[-0.16009999811649323,-0.08874999731779099,-0.0692666694521904],"type":"VEC3"},{"bufferView":2,"componentType":5126,"count":862,"max":[1.0,0.9999951124191284,1.0],"min":[-1.0,-0.9999951124191284,-1.0],"type":"VEC3"},{"bufferView":3,"componentType":5125,"count":1938,"max":[685.0],"min":[0.0],"type":"SCALAR"},{"bufferView":4,"componentType":5126,"count":686,"max":[0.006000000052154064,0.09171011298894882,-0.000004465310667001177],"min":[-0.17749956250190736,-0.09170970320701599,-0.014449999667704106],"type":"VEC3"},{"bufferView":5,"componentType":5126,"count":686,"max":[1.0,0.9995653033256531,1.0],"min":[-1.0,-0.9995608329772949,-1.0],"type":"VEC3"},{"bufferView":6,"componentType":5125,"count":1260,"max":[443.0],"min":[0.0],"type":"SCALAR"},{"bufferView":7,"componentType":5126,"count":444,"max":[0.004000000189989805,0.08971058577299118,1.8534679660612035e-16],"min":[-0.1753423810005188,-0.08971058577299118,-0.0005499999970197678],"type":"VEC3"},{"bufferView":8,"componentType":5126,"count":444,"max":[1.0,1.0,1.0],"min":[-1.0,-1.0,-1.0],"type":"VEC3"},{"bufferView":9,"componentType":5125,"count":1260,"max":[443.0],"min":[0.0],"type":"SCALAR"},{"bufferView":10,"componentType":5126,"count":444,"max":[0.003000000026077032,0.08871102333068848,5.927489508936666e-30],"min":[-0.17434413731098176,-0.08871102333068848,-0.0369499996304512],"type":"VEC3"},{"bufferView":11,"componentType":5126,"count":444,"max":[1.0,1.0,1.0],"min":[-1.0,-1.0,-1.0],"type":"VEC3"},{"bufferView":12,"componentType":5125,"count":2124,"max":[759.0],"min":[0.0],"type":"SCALAR"},{"bufferView":13,"componentType":5126,"count":760,"max":[1.6488971710205079,0.8238538503646851,1.7763568394002506e-15],"min":[0.000003893084340234054,-0.8238538503646851,-4.8520002365112309],"type":"VEC3"},{"bufferView":14,"componentType":5126,"count":760,"max":[1.0,1.0,1.0],"min":[-1.0,-1.0,-1.0],"type":"VEC3"},{"bufferView":15,"componentType":5125,"count":14466,"max":[3649.0],"min":[0.0],"type":"SCALAR"},{"bufferView":16,"componentType":5126,"count":3650,"max":[1.6265665292739869,0.8134616613388062,8.881784197001253e-16],"min":[-1.4432899320127036e-15,-0.8134616613388062,-0.40498363971710207],"type":"VEC3"},{"bufferView":17,"componentType":5126,"count":3650,"max":[1.0,0.9997806549072266,1.0],"min":[-1.0,-0.9997806549072266,-1.0],"type":"VEC3"},{"bufferView":18,"componentType":5125,"count":72,"max":[35.0],"min":[0.0],"type":"SCALAR"},{"bufferView":19,"componentType":5126,"count":36,"max":[0.8993114233016968,1.899999976158142,0.10000000149011612],"min":[0.8183628916740418,0.0,-0.10000000149011612],"type":"VEC3"},{"bufferView":20,"componentType":5126,"count":36,"max":[1.0,1.0,1.0],"min":[-1.0,-1.0,-1.0],"type":"VEC3"}],"asset":{"generator":"SimLab GLTF","version":"2.0"},"bufferViews":[{"buffer":0,"byteLength":9888,"target":34963},{"buffer":0,"byteLength":10344,"byteOffset":9888,"byteStride":12,"target":34962},{"buffer":0,"byteLength":10344,"byteOffset":20232,"byteStride":12,"target":34962},{"buffer":0,"byteLength":7752,"byteOffset":30576,"target":34963},{"buffer":0,"byteLength":8232,"byteOffset":38328,"byteStride":12,"target":34962},{"buffer":0,"byteLength":8232,"byteOffset":46560,"byteStride":12,"target":34962},{"buffer":0,"byteLength":5040,"byteOffset":54792,"target":34963},{"buffer":0,"byteLength":5328,"byteOffset":59832,"byteStride":12,"target":34962},{"buffer":0,"byteLength":5328,"byteOffset":65160,"byteStride":12,"target":34962},{"buffer":0,"byteLength":5040,"byteOffset":70488,"target":34963},{"buffer":0,"byteLength":5328,"byteOffset":75528,"byteStride":12,"target":34962},{"buffer":0,"byteLength":5328,"byteOffset":80856,"byteStride":12,"target":34962},{"buffer":0,"byteLength":8496,"byteOffset":86184,"target":34963},{"buffer":0,"byteLength":9120,"byteOffset":94680,"byteStride":12,"target":34962},{"buffer":0,"byteLength":9120,"byteOffset":103800,"byteStride":12,"target":34962},{"buffer":0,"byteLength":57864,"byteOffset":112920,"target":34963},{"buffer":0,"byteLength":43800,"byteOffset":170784,"byteStride":12,"target":34962},{"buffer":0,"byteLength":43800,"byteOffset":214584,"byteStride":12,"target":34962},{"buffer":0,"byteLength":288,"byteOffset":258384,"target":34963},{"buffer":0,"byteLength":432,"byteOffset":258672,"byteStride":12,"target":34962},{"buffer":0,"byteLength":432,"byteOffset":259104,"byteStride":12,"target":34962}],"buffers":[{"byteLength":259536,"uri":"Pressure Vessel GLTF.bin"}],"extensionsUsed":["KHR_materials_pbrSpecularGlossiness"],"materials":[{"extensions":{"KHR_materials_pbrSpecularGlossiness":{"diffuseFactor":[0.529411792755127,0.5490196347236633,0.5490196347236633,1.0],"specularFactor":[0.3705882430076599,0.3843137323856354,0.3843137323856354],"glossinessFactor":0.5}},"name":"Mtl","alphaMode":"MASK","doubleSided":true,"pbrMetallicRoughness":{"baseColorFactor":[0.529411792755127,0.5490196347236633,0.5490196347236633,1.0],"metallicFactor":0.5,"roughnessFactor":0.5}},{"extensions":{"KHR_materials_pbrSpecularGlossiness":{"diffuseFactor":[0.529411792755127,0.5490196347236633,0.5490196347236633,1.0],"specularFactor":[0.3705882430076599,0.3843137323856354,0.3843137323856354],"glossinessFactor":0.5}},"name":"Mtl1","alphaMode":"MASK","doubleSided":true,"pbrMetallicRoughness":{"baseColorFactor":[0.529411792755127,0.5490196347236633,0.5490196347236633,1.0],"metallicFactor":0.5,"roughnessFactor":0.5}},{"extensions":{"KHR_materials_pbrSpecularGlossiness":{"diffuseFactor":[0.529411792755127,0.5490196347236633,0.5490196347236633,1.0],"specularFactor":[0.3705882430076599,0.3843137323856354,0.3843137323856354],"glossinessFactor":0.5}},"name":"Mtl2","alphaMode":"MASK","doubleSided":true,"pbrMetallicRoughness":{"baseColorFactor":[0.529411792755127,0.5490196347236633,0.5490196347236633,1.0],"metallicFactor":0.5,"roughnessFactor":0.5}},{"extensions":{"KHR_materials_pbrSpecularGlossiness":{"diffuseFactor":[0.529411792755127,0.5490196347236633,0.5490196347236633,1.0],"specularFactor":[0.3705882430076599,0.3843137323856354,0.3843137323856354],"glossinessFactor":0.5}},"name":"Mtl3","alphaMode":"MASK","doubleSided":true,"pbrMetallicRoughness":{"baseColorFactor":[0.529411792755127,0.5490196347236633,0.5490196347236633,1.0],"metallicFactor":0.5,"roughnessFactor":0.5}},{"extensions":{"KHR_materials_pbrSpecularGlossiness":{"diffuseFactor":[0.7921568751335144,0.8196078538894653,0.9333333373069763,1.0],"specularFactor":[0.3960784375667572,0.40980392694473269,0.46666666865348818],"glossinessFactor":0.5}},"name":"Mtl4","alphaMode":"MASK","doubleSided":true,"pbrMetallicRoughness":{"baseColorFactor":[0.7921568751335144,0.8196078538894653,0.9333333373069763,1.0],"metallicFactor":0.5,"roughnessFactor":0.5}},{"extensions":{"KHR_materials_pbrSpecularGlossiness":{"diffuseFactor":[0.7921568751335144,0.8196078538894653,0.9333333373069763,1.0],"specularFactor":[0.3960784375667572,0.40980392694473269,0.46666666865348818],"glossinessFactor":0.5}},"name":"Mtl5","alphaMode":"MASK","doubleSided":true,"pbrMetallicRoughness":{"baseColorFactor":[0.7921568751335144,0.8196078538894653,0.9333333373069763,1.0],"metallicFactor":0.5,"roughnessFactor":0.5}},{"extensions":{"KHR_materials_pbrSpecularGlossiness":{"diffuseFactor":[0.7921568751335144,0.8196078538894653,0.9333333373069763,1.0],"specularFactor":[0.3960784375667572,0.40980392694473269,0.46666666865348818],"glossinessFactor":0.5}},"name":"Mtl6","alphaMode":"MASK","doubleSided":true,"pbrMetallicRoughness":{"baseColorFactor":[0.7921568751335144,0.8196078538894653,0.9333333373069763,1.0],"metallicFactor":0.5,"roughnessFactor":0.5}}],"meshes":[{"primitives":[{"attributes":{"NORMAL":2,"POSITION":1},"indices":0,"material":0,"mode":4}]},{"primitives":[{"attributes":{"NORMAL":5,"POSITION":4},"indices":3,"material":1,"mode":4}]},{"primitives":[{"attributes":{"NORMAL":8,"POSITION":7},"indices":6,"material":2,"mode":4}]},{"primitives":[{"attributes":{"NORMAL":11,"POSITION":10},"indices":9,"material":3,"mode":4}]},{"primitives":[{"attributes":{"NORMAL":14,"POSITION":13},"indices":12,"material":4,"mode":4}]},{"primitives":[{"attributes":{"NORMAL":17,"POSITION":16},"indices":15,"material":5,"mode":4}]},{"primitives":[{"attributes":{"NORMAL":20,"POSITION":19},"indices":18,"material":6,"mode":4}]},{"primitives":[{"attributes":{"NORMAL":2,"POSITION":1},"indices":0,"material":0,"mode":4}]},{"primitives":[{"attributes":{"NORMAL":5,"POSITION":4},"indices":3,"material":1,"mode":4}]},{"primitives":[{"attributes":{"NORMAL":8,"POSITION":7},"indices":6,"material":2,"mode":4}]},{"primitives":[{"attributes":{"NORMAL":11,"POSITION":10},"indices":9,"material":3,"mode":4}]},{"primitives":[{"attributes":{"NORMAL":17,"POSITION":16},"indices":15,"material":5,"mode":4}]},{"primitives":[{"attributes":{"NORMAL":20,"POSITION":19},"indices":18,"material":6,"mode":4}]},{"primitives":[{"attributes":{"NORMAL":20,"POSITION":19},"indices":18,"material":6,"mode":4}]},{"primitives":[{"attributes":{"NORMAL":20,"POSITION":19},"indices":18,"material":6,"mode":4}]}],"nodes":[{"children":[1,2,4,6,8,10,12,14,16,18,20,22,24,26,28,30],"matrix":[1.0,0.0,0.0,0.0,0.0,4.4896593387466768e-11,-1.0,0.0,0.0,1.0,4.4896593387466768e-11,0.0,0.0,0.0,0.0,1.0]},{"name":"Camera-1","rotation":[-0.7071067690849304,0.0,0.0,-0.7071067690849304],"translation":[-0.013980924151837826,-22.264617919921876,0.5006864666938782]},{"name":"Nozzle head-1","children":[3],"rotation":[-0.7071067690849304,0.0,0.0,-0.7071067690849304],"translation":[0.05521048977971077,2.143916606903076,-1.3619908094406129]},{"name":"Body_1","mesh":0,"rotation":[0.0,0.0,0.0,-1.0]},{"name":"Nozzle Ring 1-1","children":[5],"matrix":[0.0,-5.608043016370662e-17,-1.0,0.0,1.0,4.9662732837601709e-18,-3.0409653146688716e-34,0.0,4.9662732837601709e-18,-1.0,5.608043016370662e-17,0.0,-0.01613951101899147,2.143916606903076,-1.4477407932281495,1.0]},{"name":"Body_1","mesh":1,"rotation":[0.0,0.0,0.0,-1.0]},{"name":"Nozzle Ring 2-1","children":[7],"matrix":[0.9951451420783997,2.1729181041375883e-17,-0.09841850399971008,0.0,0.09841850399971008,1.6675319256913698e-16,0.9951451420783997,0.0,-4.163336342344337e-17,-1.0,1.6129528945138959e-17,0.0,0.06919418275356293,2.1583664417266847,-1.3704302310943604,1.0]},{"name":"Body_1","mesh":2,"rotation":[0.0,0.0,0.0,-1.0]},{"name":"Nozzle Ring 3-1","children":[9],"matrix":[-0.9721221923828125,-1.6069631248501888e-14,0.23447470366954804,0.0,-0.23447470366954804,6.9594090418897279e-15,-0.9721221923828125,0.0,1.3989840949373781e-14,-1.0,-1.053331887316232e-14,0.0,-0.09949899464845658,2.158916473388672,-1.3418846130371094,1.0]},{"name":"Body_1","mesh":3,"rotation":[0.0,0.0,0.0,-1.0]},{"name":"Shell-1","children":[11],"matrix":[-1.3965924974108056e-14,1.0,1.0413211295307555e-14,0.0,1.0,1.3965924974108056e-14,-3.491481243527014e-15,0.0,-3.491481243527014e-15,1.0413211295307555e-14,-1.0,0.0,-0.013980924151837826,0.499113529920578,-2.0897908210754396,1.0]},{"name":"Body_1","mesh":4,"rotation":[0.0,0.0,0.0,-1.0]},{"name":"Head-1","children":[13],"matrix":[-0.28196731209754946,-0.9594240188598633,-9.170025273787155e-15,0.0,0.9594240188598633,-0.28196731209754946,-6.33908319241862e-15,0.0,3.496221451658086e-15,-1.0585357189309836e-14,1.0,0.0,0.21543897688388825,2.104189395904541,-2.0428526401519777,1.0]},{"name":"Body_1","mesh":5,"rotation":[0.0,0.0,0.0,-1.0]},{"name":"Support-5","children":[15],"matrix":[0.6010400056838989,0.7992189526557922,6.338725320998405e-15,0.0,3.456537958079222e-15,-1.053058549784153e-14,1.0,0.0,0.7992189526557922,-0.6010400056838989,-9.091833968360216e-15,0.0,-0.013980924151837826,1.323563575744629,1.5492091178894044,1.0]},{"name":"Body_1","mesh":6,"rotation":[0.0,0.0,0.0,-1.0]},{"name":"Nozzle head-2","children":[17],"matrix":[-1.0,-7.271506792401313e-29,6.982962487054028e-15,0.0,-6.982962487054028e-15,2.0887656296438019e-14,-1.0,0.0,-7.314265446432248e-29,-1.0,-2.0887656296438019e-14,0.0,-0.08748950809240341,2.143916606903076,2.034409284591675,1.0]},{"name":"Body_1","mesh":7,"rotation":[0.0,0.0,0.0,-1.0]},{"name":"Nozzle Ring 1-2","children":[19],"matrix":[-6.982962487054028e-15,2.0882502947986923e-14,-1.0,0.0,1.0,4.9662732837601709e-18,-6.982962487054028e-15,0.0,4.9662732837601709e-18,-1.0,-2.0882502947986923e-14,0.0,-0.01613951101899147,2.143916606903076,1.9486591815948487,1.0]},{"name":"Body_1","mesh":8,"rotation":[0.0,0.0,0.0,-1.0]},{"name":"Nozzle Ring 2-2","children":[21],"matrix":[0.9951451420783997,-2.027976234953376e-15,0.09841850399971008,0.0,0.09841850399971008,2.0892065949961424e-14,-0.9951451420783997,0.0,-3.803528657751531e-17,1.0,2.0990228598218725e-14,0.0,0.06919418275356293,2.158916473388672,2.042848587036133,1.0]},{"name":"Body_1","mesh":9,"rotation":[0.0,0.0,0.0,-1.0]},{"name":"Nozzle Ring 3-2","children":[23],"matrix":[-0.9721221923828125,-1.1186362640770546e-14,-0.23447470366954804,0.0,-0.23447470366954804,-1.3286419897227606e-14,0.9721221923828125,0.0,-1.3989840949373781e-14,1.0,1.0293104564485737e-14,0.0,-0.09949899464845658,2.195866584777832,2.014302968978882,1.0]},{"name":"Body_1","mesh":10,"rotation":[0.0,0.0,0.0,-1.0]},{"name":"Head-2","children":[25],"matrix":[0.28196731209754946,0.9594240188598633,8.84237768319614e-15,0.0,0.9594240188598633,-0.28196731209754946,-6.232909306546188e-15,0.0,-3.486741247154179e-15,1.0241066248338222e-14,-1.0,0.0,-0.24340082705020905,0.542937695980072,2.71527099609375,1.0]},{"name":"Body_1","mesh":11,"rotation":[0.0,0.0,0.0,-1.0]},{"name":"Support-6","children":[27],"matrix":[0.7992189526557922,-0.6010400056838989,-8.934405271816479e-15,0.0,3.3741076762677489e-15,-1.0378268645134473e-14,1.0,0.0,-0.6010400056838989,-0.7992189526557922,-6.266534820486289e-15,0.0,-0.013980924151837826,1.323563575744629,1.5492091178894044,1.0]},{"name":"Body_1","mesh":12,"rotation":[0.0,0.0,0.0,-1.0]},{"name":"Support-7","children":[29],"matrix":[-0.6010400056838989,-0.7992189526557922,-6.1091065474590259e-15,0.0,3.526424740733043e-15,-1.0295837939806527e-14,1.0,0.0,-0.7992189526557922,0.6010400056838989,9.006596195845068e-15,0.0,-0.013980924151837826,1.323563575744629,1.5492091178894044,1.0]},{"name":"Body_1","mesh":13,"rotation":[0.0,0.0,0.0,-1.0]},{"name":"Support-8","children":[31],"matrix":[-0.7992189526557922,0.6010400056838989,9.164024045355858e-15,0.0,3.608855022544516e-15,-1.0448154792513584e-14,1.0,0.0,0.6010400056838989,0.7992189526557922,6.1812970479711418e-15,0.0,-0.013980924151837826,1.323563575744629,1.5492091178894044,1.0]},{"name":"Body_1","mesh":14,"rotation":[0.0,0.0,0.0,-1.0]}],"scene":0,"scenes":[{"nodes":[0]}]}